[
  {
    "case": "risky_transport",
    "dataset_id": "mlogit_risky_transport",
    "model": "MNL",
    "reference": "mlogit",
    "mlogit": {
      "backend": "mlogit",
      "dataset": "risky_transport",
      "n_obs": 1793,
      "n_rows": 5405,
      "n_parameters": 7,
      "variables": [
        "cost",
        "risk",
        "seats",
        "noise",
        "crowdness",
        "convloc",
        "clientele"
      ],
      "loglike": -1716.0467301337846,
      "estimate_seconds": 0.04499999999999993,
      "covariance_seconds": 0,
      "total_seconds": 0.04499999999999993,
      "params": {
        "cost": -0.008529157093042604,
        "risk": -0.11535520768809855,
        "seats": -0.1064907421291188,
        "noise": 0.0331848294288183,
        "crowdness": -0.6433006785889854,
        "convloc": 0.34766035258526073,
        "clientele": 0.2137080732336303
      },
      "covariance_names": [
        "cost",
        "risk",
        "seats",
        "noise",
        "crowdness",
        "convloc",
        "clientele"
      ],
      "covariance": [
        [
          1.2377019635029341e-06,
          -2.141125284345045e-06,
          9.756183435046276e-06,
          -3.9933232448652176e-05,
          -3.215648454961546e-05,
          -2.075054943477358e-05,
          1.0384811858918206e-05
        ],
        [
          -2.141125284345045e-06,
          0.00012531854523613762,
          5.549328831794791e-05,
          2.748058944062748e-05,
          0.00017410910950581748,
          0.0001207200184089078,
          -3.654260657544402e-05
        ],
        [
          9.756183435046225e-06,
          5.5493288317947986e-05,
          0.05498508236155291,
          -0.010120658388229706,
          -0.0075204280441026295,
          -0.003771238501948861,
          -0.005970477372080125
        ],
        [
          -3.993323244865223e-05,
          2.74805894406273e-05,
          -0.0101206583882297,
          0.06753208020281623,
          -0.041824410125394375,
          -0.0025357023516608766,
          -0.011778112388374925
        ],
        [
          -3.2156484549615386e-05,
          0.00017410910950581748,
          -0.007520428044102629,
          -0.04182441012539435,
          0.05807918513238287,
          -0.012394961663053313,
          -0.01164238283655227
        ],
        [
          -2.0750549434773607e-05,
          0.0001207200184089081,
          -0.003771238501948857,
          -0.002535702351660868,
          -0.012394961663053317,
          0.03924284776082979,
          -0.008546137014739883
        ],
        [
          1.0384811858918235e-05,
          -3.6542606575444146e-05,
          -0.00597047737208012,
          -0.01177811238837498,
          -0.011642382836552227,
          -0.008546137014739885,
          0.06674197928871663
        ]
      ],
      "available": true,
      "wall_seconds": 0.6134101990610361
    },
    "torchdcm": {
      "backend": "torchdcm",
      "available": true,
      "total_seconds": 0.04776873625814915,
      "estimate_seconds": 0.04776873625814915,
      "covariance_seconds": 0.0,
      "loglike": -1716.0467301337903,
      "n_obs": 1793,
      "n_rows": 5405,
      "n_parameters": 7,
      "parameters": [
        "B_COST",
        "B_RISK",
        "B_SEATS",
        "B_NOISE",
        "B_CROWDNESS",
        "B_CONVLOC",
        "B_CLIENTELE"
      ]
    },
    "scipy_bfgs": {
      "backend": "scipy_bfgs",
      "available": true,
      "total_seconds": 1.1421280787326396,
      "estimate_seconds": 1.1393426908180118,
      "covariance_seconds": 0.0027853879146277905,
      "loglike": -1716.0467301337824,
      "params": {
        "B_COST": -0.008529157145791265,
        "B_RISK": -0.11535521325094646,
        "B_SEATS": -0.10649074005452276,
        "B_NOISE": 0.033184831771670656,
        "B_CROWDNESS": -0.643300687159108,
        "B_CONVLOC": 0.34766034572775306,
        "B_CLIENTELE": 0.2137080712665571
      },
      "message": "Desired error not necessarily achieved due to precision loss."
    },
    "biogeme": {
      "backend": "biogeme",
      "available": true,
      "total_seconds": 1.819503610022366,
      "estimate_seconds": 1.819348820950836,
      "covariance_seconds": 7.281964644789696e-05,
      "loglike": -1716.0467301337846,
      "parameters": [
        "B_COST",
        "B_RISK",
        "B_SEATS",
        "B_NOISE",
        "B_CROWDNESS",
        "B_CONVLOC",
        "B_CLIENTELE"
      ],
      "params": {
        "B_COST": -0.00852915710361331,
        "B_RISK": -0.11535520758006067,
        "B_SEATS": -0.10649073899070786,
        "B_NOISE": 0.03318483309195135,
        "B_CROWDNESS": -0.6433006714442603,
        "B_CONVLOC": 0.3476603567771222,
        "B_CLIENTELE": 0.2137080438514657
      },
      "covariance": [
        [
          1.2377019553021595e-06,
          -2.1411253383175047e-06,
          9.756183301457783e-06,
          -3.993323196783946e-05,
          -3.2156484638661e-05,
          -2.0750549399301965e-05,
          1.0384811845762955e-05
        ],
        [
          -2.141125338317623e-06,
          0.00012531853688331775,
          5.549329107739775e-05,
          2.7480591292707727e-05,
          0.00017410909643640702,
          0.00012072000759740896,
          -3.65426081672188e-05
        ],
        [
          9.756183301457827e-06,
          5.5493291077414686e-05,
          0.05498508212229698,
          -0.010120658319655588,
          -0.007520428021013792,
          -0.0037712384716765955,
          -0.005970477371516675
        ],
        [
          -3.993323196783977e-05,
          2.748059129272082e-05,
          -0.010120658319655565,
          0.06753207993407177,
          -0.041824409976707014,
          -0.0025357023465590505,
          -0.011778112321816012
        ],
        [
          -3.215648463866073e-05,
          0.0001741090964363846,
          -0.00752042802101379,
          -0.04182440997670702,
          0.058079184962446385,
          -0.012394961648906728,
          -0.011642382832130099
        ],
        [
          -2.075054939930193e-05,
          0.00012072000759741281,
          -0.0037712384716765807,
          -0.002535702346559137,
          -0.01239496164890666,
          0.039242847670363346,
          -0.008546137003189626
        ],
        [
          1.0384811845762894e-05,
          -3.654260816721784e-05,
          -0.005970477371516704,
          -0.01177811232181598,
          -0.01164238283213011,
          -0.008546137003189617,
          0.06674197911787974
        ]
      ]
    },
    "apollo": {
      "backend": "apollo",
      "available": true,
      "total_seconds": 1.2129647717811167,
      "estimate_seconds": 0.45199999999999996,
      "covariance_seconds": 0,
      "loglike": -1716.0467301337976,
      "parameters": [
        "B_COST",
        "B_RISK",
        "B_SEATS",
        "B_NOISE",
        "B_CROWDNESS",
        "B_CONVLOC",
        "B_CLIENTELE"
      ],
      "params": {
        "B_COST": -0.00852915184926748,
        "B_RISK": -0.11535521887157688,
        "B_SEATS": -0.10649092782976059,
        "B_NOISE": 0.03318439818154009,
        "B_CROWDNESS": -0.6433005889510224,
        "B_CONVLOC": 0.3476601130056053,
        "B_CLIENTELE": 0.21370840364474375
      },
      "covariance": [
        [
          1.2377017149132645e-06,
          -2.1411255250038488e-06,
          9.756186684499954e-06,
          -3.9933224478741224e-05,
          -3.215647745489723e-05,
          -2.0750544342954277e-05,
          1.0384807874226959e-05
        ],
        [
          -2.1411255250038488e-06,
          0.00012531853606471022,
          5.549328557138375e-05,
          2.7480635123445062e-05,
          0.00017410906735381917,
          0.00012072000890733678,
          -3.654262431261162e-05
        ],
        [
          9.756186684499954e-06,
          5.549328557138375e-05,
          0.054985081040475836,
          -0.010120658475887306,
          -0.007520427715275795,
          -0.0037712386017008603,
          -0.005970477311388091
        ],
        [
          -3.9933224478741224e-05,
          2.7480635123445062e-05,
          -0.010120658475887306,
          0.06753207337144941,
          -0.04182440575238759,
          -0.0025357018141269573,
          -0.01177811096099954
        ],
        [
          -3.215647745489723e-05,
          0.00017410906735381917,
          -0.007520427715275795,
          -0.04182440575238759,
          0.058079180775195985,
          -0.01239496166338194,
          -0.01164238331037321
        ],
        [
          -2.0750544342954277e-05,
          0.00012072000890733678,
          -0.0037712386017008603,
          -0.0025357018141269573,
          -0.01239496166338194,
          0.03924284641508473,
          -0.008546136866589275
        ],
        [
          1.0384807874226959e-05,
          -3.654262431261162e-05,
          -0.005970477311388091,
          -0.01177811096099954,
          -0.01164238331037321,
          -0.008546136866589275,
          0.06674197762956417
        ]
      ],
      "message": "apollo_version=0.3.8"
    },
    "gmnl": {
      "backend": "gmnl",
      "available": false,
      "total_seconds": 0.6663635559380054,
      "estimate_seconds": null,
      "covariance_seconds": null,
      "loglike": null,
      "params": null,
      "message": "Error in s + x[[i]] : non-conformable arrays\nCalls: gmnl ... eval -> eval -> maxNRCompute -> fn -> fnOrig -> suml\nExecution halted"
    },
    "xlogit": {
      "backend": "xlogit",
      "available": false,
      "total_seconds": null,
      "estimate_seconds": null,
      "covariance_seconds": null,
      "loglike": null,
      "params": null,
      "message": "ValueError: inconsistent alts values in long format"
    },
    "n_obs": 1793,
    "n_rows": 5405,
    "n_parameters": 7,
    "ll_diff": -5.6843418860808015e-12,
    "biogeme_ll_diff": -5.6843418860808015e-12,
    "apollo_ll_diff": 7.275957614183426e-12,
    "consistent": "Yes",
    "status": "ok"
  }
]